99876325
96774955
96181535
80279525
78095695
77780575
77021135
75605535
75378415
64180445
63387305
58241536
58143236
57815296
57786286
57780236
57665386
57653616
57610076
57604776
57597396
57593996
57588936
57563486
57549286
57489996
57423556
57412416
57382186
57353776
57339696
57337796
57337766
57337756
57337646
57337636
57307166
57215406
57186936
57179656
57142006
57076456
57069496
57024336
57008596
57008496
56866556
56831226
56760096
56709146
56705616
56693226
56624566
56624426
56609486
56550516
56541386
56541266
56535626
56535226
56440726
56423296
56365046
56302846
56266286
56163136
56150556
56089696
56038896
55810156
55686456
55447506
55362366
55334716
55275156
55228906
55159476
54946146
54796456
54765476
54724006
54546686
54524856
54518186
54513096
54483546
54418876
54311156
54231116
54198836
54156596
54010906
53984836
53842856
53797746
53623876
53556636
53539326
53328986
53327006
53290216
53203706
53133676
53057246
53050766
53017776
53002246
52968906
52968326
52956086
52955356
52849576
52695616
52563026
52531556
51920216
51633836
51487976
51333016
51300376
51138416
51018976
50707666
50351386
50164246
49917066
49674566
49673146
49469866
49319996
48714376
48639116
48531326
48478476
48007686
47362716
46838066
46832446
46777826
41824966
99998725
99997465
99963755
99963405
99949385
99941595
99939455
99938535
99932765
99929095
99923635
99903535
99901645
99896265
99896015
99895975
99893315
99890245
99888355
99886655
99885865
99883075
99881575
99880875
99880715
99879365
99878645
99874795
99868395
99867775
99863215
99857365
99856165
99855955
99855805
99850835
99846385
99837255
99832405
99830025
99821145
99812725
99806365
99797845
99797505
99794005
99790595
99789115
99780405
99778265
99775265
99774535
99770785
99768245
99767145
99759625
99729955
99727125
99722715
99721545
99721465
99721315
99718285
99717665
99717325
99715075
99709115
99707045
99698425
99698175
99697945
99697305
99696635
99694935
99693105
99687135
99684785
99681215
99680015
99668285
99666565
99657265
99653615
99651775
99647135
99645445
99644855
99643085
99634165
99632285
99631065
99620165
99615895
99613375
99610955
99608455
99596575
99593785
99581345
99581235
99579605
99578675
99577435
99570615
99570365
99565095
99563675
99559415
99556895
99556655
99553175
99550455
99550185
99547515
99547495
99546075
99545465
99540335
99535965
99533645
99530145
99525065
99523185
99520985
99518935
99514735
99512955
99507885
99507765
99507525
99502975
99496605
99494955
99494625
99493305
99488575
99486055
99477735
99476855
99465825
99464735
99463835
99461785
99455755
99449485
99445435
99443205
99442275
99440385
99437975
99434435
99429975
99429275
99427935
99427875
99427595
99426825
99424865
99423685
99410515
99393415
99392265
99383935
99381395
99375325
99373545
99370865
99363635
99358105
99356965
99356355
99353655
99352875
99352425
99351695
99350355
99348105
99338905
99337035
99334135
99330475
99324405
99313885
99312315
99310935
99309665
99308815
99303875
99301945
99297555
99297385
99296145
99292005
99291585
99290705
99290125
99284975
99277385
99274715
99273635
99271015
99263035
99260415
99255865
99254155
99253885
99253475
99234725
99231425
99227155
99226025
99224915
99224845
99224625
99216245
99212635
99206995
99205025
99200745
99180055
99178865
99174865
99170245
99159475
99153935
99153535
99152975
99149815
99146625
99146455
99141875
99140365
99140105
99137655
99136985
99135245
99134445
99131465
99126495
99125265
99123165
99119285
99113795
99105905
99104245
99102435
99098195
99096335
99096155
99090845
99089335
99080075
99073345
99072655
99067835
99066145
99037035
99033865
99026735
99026375
99026185
99019485
99014975
99014705
99012845
99008335
99005875
99005045
99000355
98994405
98991895
98989875
98986165
98983055
98979485
98972445
98969705
98968595
98967835
98959685
98956465
98956145
98954695
98951205
98947485
98938245
98935205
98934575
98916745
98915335
98913375
98908055
98906615
98906575
98906475
98901645
98899415
98895725
98887245
98886825
98877625
98875485
98874135
98866535
98864375
98859285
98859185
98858835
98858485
98854015
98853115
98847525
98846905
98841775
98835445
98828785
98828415
98827055
98824695
98823365
98822845
98820795
98820725
98819695
98818285
98817655
98816885
98813775
98810315
98808505
98808055
98807735
98804705
98801255
98794335
98792965
98792765
98790755
98786565
98782505
98781965
98781915
98773825
98766435
98766135
98764595
98760025
98758175
98722115
98718885
98705055
98699775
98699575
98696695
98696275
98695025
98694755
98691695
98688365
98681415
98674335
98673765
98669485
98656635
98651145
98648525
98647055
98641885
98639445
98638705
98635725
98635485
98634175
98627165
98627145
98625405
98623405
98623295
98619425
98618215
98614605
98614215
98612325
98605455
98604785
98603895
98600775
98597905
98596865
98596705
98596005
98591875
98591555
98587425
98585845
98584235
98583275
98576885
98575425
98575115
